t(s)	v_x(t)	v_y(t)	v_z(t)
0.00000000000000e+00	-7.07499734855187e-09	5.11431847393525e-08	1.77401483698126e-07
5.00000000000000e-03	-2.56103167215000e-08	4.79810348935947e-08	2.64176271937871e-07
1.00000000000000e-02	8.32373302864319e-08	3.71463773931571e-08	2.72108869319759e-07
1.50000000000000e-02	1.32352606818085e-07	3.69320003800626e-08	2.64207197435319e-07
2.00000000000000e-02	1.64510655708301e-07	3.23143790157904e-08	2.76662130508717e-07
2.50000000000000e-02	1.84298675459730e-07	3.44285946628727e-08	2.70400792041388e-07
3.00000000000000e-02	2.01343119502024e-07	3.09737237054134e-08	2.83647026269720e-07
3.50000000000000e-02	2.12769049150050e-07	3.37410344570746e-08	2.77788870241730e-07
4.00000000000000e-02	2.24363769976891e-07	3.06866503380883e-08	2.91281923170942e-07
4.50000000000000e-02	2.32318882582835e-07	3.37313568112350e-08	2.85575153157671e-07
5.00000000000000e-02	2.41372113739239e-07	3.08551437505523e-08	2.99183012861871e-07
5.50000000000000e-02	2.47585891685876e-07	3.40489638774949e-08	2.93559879539983e-07
6.00000000000000e-02	2.55274056920044e-07	3.12636439310743e-08	3.07246760305784e-07
6.50000000000000e-02	2.60511397307423e-07	3.45516637523931e-08	3.01687182677755e-07
7.00000000000000e-02	2.67402496685731e-07	3.18168879272523e-08	3.15445196080547e-07
7.50000000000000e-02	2.72054013306286e-07	3.51716219030018e-08	3.09944998840649e-07
8.00000000000000e-02	2.78457399174327e-07	3.24663219241831e-08	3.23779001902275e-07
8.50000000000000e-02	2.82743931305381e-07	3.58715705781507e-08	3.18342080151976e-07
9.00000000000000e-02	2.88843719579253e-07	3.31841500730493e-08	3.32260184009291e-07
9.50000000000000e-02	2.92900218522810e-07	3.66288087329555e-08	3.26890047911540e-07
1.00000000000000e-01	2.98814113481747e-07	3.39528459348916e-08	3.40899783452282e-07
1.05000000000000e-01	3.02728489459636e-07	3.74270018860121e-08	3.35601439841261e-07
1.10000000000000e-01	3.08536290740093e-07	3.47586403876175e-08	3.49714885740110e-07
1.15000000000000e-01	3.12368822858549e-07	3.82505190688368e-08	3.44496133436881e-07
1.20000000000000e-01	3.18127335038549e-07	3.55873180863861e-08	3.58722933063276e-07
1.25000000000000e-01	3.21921393240531e-07	3.90793126558161e-08	3.53588080057441e-07
1.30000000000000e-01	3.27673164245884e-07	3.64179224319083e-08	3.67937746239233e-07
1.35000000000000e-01	3.31461428021984e-07	3.98770466231001e-08	3.62893902916548e-07
1.40000000000000e-01	3.37239655957138e-07	3.72059239100430e-08	3.77379561409893e-07
1.45000000000000e-01	3.41047659880503e-07	4.05533165120948e-08	3.72434576085456e-07
1.50000000000000e-01	3.46879308436045e-07	3.77973340551173e-08	3.87065629271606e-07
1.55000000000000e-01	3.50727959297943e-07	4.05898607012413e-08	3.82224661829894e-07
1.60000000000000e-01	3.56635935000635e-07	3.65129737144745e-08	3.97012833915074e-07
1.65000000000000e-01	3.60542942520086e-07	3.48488510671053e-08	3.92284725652478e-07
1.70000000000000e-01	3.66547233122962e-07	3.27986540539582e-08	4.07242972088748e-07
1.75000000000000e-01	3.70528097532409e-07	6.04379014742174e-08	4.02635348876067e-07
1.80000000000000e-01	3.76646831387890e-07	4.51726105669792e-08	4.17774511135703e-07
1.85000000000000e-01	3.80715679069201e-07	4.94032818956048e-08	4.13295415616277e-07
1.90000000000000e-01	3.86965889193358e-07	4.50763200737178e-08	4.28630414039277e-07
1.95000000000000e-01	3.91136023333392e-07	4.92103218997419e-08	4.24290298224856e-07
2.00000000000000e-01	3.97534040703018e-07	4.56725954072277e-08	4.39833538426234e-07
2.05000000000000e-01	4.01818241192097e-07	4.99323673312048e-08	4.35640513537845e-07
2.10000000000000e-01	4.08380036479799e-07	4.66584554465974e-08	4.51406772731761e-07
2.15000000000000e-01	4.12790877548884e-07	5.08966588521201e-08	4.47373860639081e-07
2.20000000000000e-01	4.19532558693033e-07	4.77349307308348e-08	4.63381420532687e-07
2.25000000000000e-01	4.24082828954575e-07	5.18741128619992e-08	4.59519795274536e-07
2.30000000000000e-01	4.31020839690900e-07	4.87653373291545e-08	4.75780134880765e-07
2.35000000000000e-01	4.35723559029661e-07	5.25353937050218e-08	4.72099460849707e-07
2.40000000000000e-01	4.42874704760120e-07	4.90380998945598e-08	4.88634291285496e-07
2.45000000000000e-01	4.47743344933687e-07	5.02996468944796e-08	4.85155851137176e-07
2.50000000000000e-01	4.55125368033109e-07	4.38302966043362e-08	5.01989271371337e-07
2.55000000000000e-01	4.60174305313781e-07	6.71261573383335e-08	4.98725458287665e-07
2.60000000000000e-01	4.67805956296726e-07	5.22399492740707e-08	5.15866302833890e-07
2.65000000000000e-01	4.73050275752511e-07	5.44887789779306e-08	5.12827019858203e-07
2.70000000000000e-01	4.80951286330787e-07	4.04684077300623e-08	5.30305307144444e-07
2.75000000000000e-01	4.86407174194472e-07	6.09143262634980e-08	5.27523966964821e-07
2.80000000000000e-01	4.94598954253780e-07	8.32928999199028e-08	5.45374854471218e-07
2.85000000000000e-01	5.00284054577869e-07	6.95607839293264e-08	5.42866679758251e-07
2.90000000000000e-01	5.08789610440536e-07	6.65879786423215e-08	5.61092943304225e-07
2.95000000000000e-01	5.14722879866898e-07	6.95373497910953e-08	5.58866832857351e-07
3.00000000000000e-01	5.23566998193986e-07	6.63480351452915e-08	5.77513996862696e-07
3.05000000000000e-01	5.29769169409381e-07	7.07492123646215e-08	5.75628471638721e-07
3.10000000000000e-01	5.38979114509963e-07	6.77863282628851e-08	5.94754383956020e-07
3.15000000000000e-01	5.45473114224912e-07	7.27129549642275e-08	5.93224769331200e-07
3.20000000000000e-01	5.55078610038961e-07	6.97960063838973e-08	6.12807225682720e-07
3.25000000000000e-01	5.61889484447432e-07	7.50185108964952e-08	6.11631903453418e-07
3.30000000000000e-01	5.71923072887291e-07	7.21355489803245e-08	6.31745360834528e-07
3.35000000000000e-01	5.79078621640796e-07	7.75841210804820e-08	6.31025636074937e-07
3.40000000000000e-01	5.89576492554830e-07	7.47365876610801e-08	6.51758425119734e-07
3.45000000000000e-01	5.97107835441732e-07	8.03862675644735e-08	6.51505406000821e-07
3.50000000000000e-01	6.08110083275922e-07	7.75843687806749e-08	6.72805771872263e-07
3.55000000000000e-01	6.16051773113469e-07	8.34302702320968e-08	6.73026628607590e-07
3.60000000000000e-01	6.27602719977531e-07	8.06839494759735e-08	6.95039500392011e-07
3.65000000000000e-01	6.35993408092288e-07	8.67253658263970e-08	6.95893115395923e-07
3.70000000000000e-01	6.48142897107757e-07	8.40437942636921e-08	7.18706235273595e-07
3.75000000000000e-01	6.57026500377047e-07	9.02854161998677e-08	7.20174067807069e-07
3.80000000000000e-01	6.69830702071234e-07	8.76860478669263e-08	7.43718169173511e-07
3.85000000000000e-01	6.79256848434578e-07	9.41427158404468e-08	7.45843064402045e-07
3.90000000000000e-01	6.92778634113356e-07	9.16510520436377e-08	7.70350527462922e-07
3.95000000000000e-01	7.02803182851166e-07	9.83351448270128e-08	7.73345009066695e-07
4.00000000000000e-01	7.17113508795536e-07	9.59660034852871e-08	7.98894071518181e-07
4.05000000000000e-01	7.27800570335942e-07	1.02874144493267e-07	8.02732590186648e-07
4.10000000000000e-01	7.42981803974603e-07	1.00648924495375e-07	8.29302956397435e-07
4.15000000000000e-01	7.54407803695152e-07	1.07801632867779e-07	8.34124295316460e-07
4.20000000000000e-01	7.70555421235406e-07	1.05796592937254e-07	8.62059873645169e-07
4.25000000000000e-01	7.82803030109516e-07	1.13208467744415e-07	8.68127030729325e-07
4.30000000000000e-01	8.00015945257807e-07	1.11455647565785e-07	8.97470464463791e-07
4.35000000000000e-01	8.13179587011213e-07	1.19035516411967e-07	9.04715331956409e-07
4.40000000000000e-01	8.31589734979770e-07	1.17579514321804e-07	9.35500174924540e-07
4.45000000000000e-01	8.45804456513675e-07	1.25135566198182e-07	9.44279301449323e-07
4.50000000000000e-01	8.65573323023598e-07	1.23965335994501e-07	9.77167853626892e-07
4.55000000000000e-01	8.80959573902468e-07	1.29882816512301e-07	9.87838278622140e-07
4.60000000000000e-01	9.02208717953144e-07	1.29005003637235e-07	1.02265371308047e-06
4.65000000000000e-01	9.18911204142452e-07	1.51687907604205e-07	1.03498154333401e-06
4.70000000000000e-01	9.41892593003412e-07	1.41446722473969e-07	1.07196672348171e-06
4.75000000000000e-01	9.60183393371722e-07	1.53400268124698e-07	1.08691254662439e-06
4.80000000000000e-01	9.85172410177190e-07	1.51266564383901e-07	1.12742955134552e-06
4.85000000000000e-01	1.00519305819556e-06	1.63293809971516e-07	1.14532060634955e-06
4.90000000000000e-01	1.03230043859726e-06	1.62490496675224e-07	1.18845128217495e-06
4.95000000000000e-01	1.05433533846797e-06	1.75028836304138e-07	1.20898014129658e-06
5.00000000000000e-01	1.08417560080148e-06	1.74949443625968e-07	1.25629703903564e-06
5.05000000000000e-01	1.10882084104263e-06	1.88570703233065e-07	1.28217781704617e-06
5.10000000000000e-01	1.14180977281504e-06	1.90046610288943e-07	1.33584408426580e-06
5.15000000000000e-01	1.16916769809437e-06	2.05146563130724e-07	1.36571164103159e-06
5.20000000000000e-01	1.20540569084356e-06	2.07363352160564e-07	1.42161838064741e-06
5.25000000000000e-01	1.23616773949991e-06	2.23265189988688e-07	1.45567592294675e-06
5.30000000000000e-01	1.27711651461106e-06	2.26778989269411e-07	1.52261761999745e-06
5.35000000000000e-01	1.31250762290937e-06	2.46266301262466e-07	1.57272484335781e-06
5.40000000000000e-01	1.35881377864876e-06	2.54085587229423e-07	1.65471707825253e-06
5.45000000000000e-01	1.39923888515106e-06	2.75642190808005e-07	1.70396030829538e-06
5.50000000000000e-01	1.45149391245901e-06	2.81127670523759e-07	1.77618088454888e-06
5.55000000000000e-01	1.49817333841655e-06	3.02691786605936e-07	1.83887679118815e-06
5.60000000000000e-01	1.55807775940550e-06	3.13454038612438e-07	1.95858407961366e-06
5.65000000000000e-01	1.61301819631135e-06	3.52572307392758e-07	2.06564084236013e-06
5.70000000000000e-01	1.68373200196287e-06	3.92972379431917e-07	2.21100993698634e-06
5.75000000000000e-01	1.75385302821712e-06	4.17944416302220e-07	2.32364040941799e-06
5.80000000000000e-01	1.84059484791737e-06	4.24936834577528e-07	2.46688715260728e-06
5.85000000000000e-01	1.92921208396131e-06	4.51096866290633e-07	2.59031625069405e-06
5.90000000000000e-01	2.05872562338087e-06	4.85441994841347e-07	2.77204425056544e-06
5.95000000000000e-01	2.14495354576434e-06	5.58247698491863e-07	2.96233078156372e-06
6.00000000000000e-01	2.27045927655510e-06	6.64202409253516e-07	3.29938440707108e-06
6.05000000000000e-01	2.37688675609595e-06	8.25893207457671e-07	3.75550097181246e-06
6.10000000000000e-01	2.54854307614482e-06	9.51077539176357e-07	4.56781878075442e-06
6.15000000000000e-01	2.84805632378711e-06	1.07014855904053e-06	4.40871891038668e-06
6.20000000000000e-01	3.31206862682741e-06	1.42748770398682e-06	6.12227676549580e-06
6.25000000000000e-01	3.07861142145746e-06	2.35954778795660e-06	1.00091817805711e-05
6.30000000000000e-01	5.24590265456578e-06	1.95504408390459e-06	-4.20153824838477e-06
6.35000000000000e-01	1.16314265448263e-05	-3.30739921744858e-06	-3.43246536244557e-05
6.40000000000000e-01	1.48873811678757e-05	-8.80836846393498e-06	-4.27923336723436e-05
6.45000000000000e-01	1.27169228528563e-05	-5.77010532977238e-06	-2.09184061220218e-05
6.50000000000000e-01	8.39127414948913e-06	2.70096567177280e-06	4.05873430113417e-06
6.55000000000000e-01	7.86505029426627e-07	5.60320404626115e-06	1.00236195188891e-05
6.60000000000000e-01	-7.93752094719710e-06	3.36908205967513e-06	-7.26492854701211e-06
6.65000000000000e-01	-1.15452337884220e-05	3.22584724637281e-06	-2.67001659984682e-05
6.70000000000000e-01	-9.53721659746581e-06	4.15706059704472e-06	-2.42101948198072e-05
6.75000000000000e-01	-4.67890104107251e-06	5.81837607151261e-06	8.35987837811935e-07
6.80000000000000e-01	-8.68157772140514e-07	5.24566484654986e-06	2.47941770019460e-05
6.85000000000000e-01	-2.42345671006063e-07	-1.31510318300607e-06	2.00826100313603e-05
6.90000000000000e-01	-2.84860724313664e-06	-7.14576640207257e-06	-2.56187351250188e-06
6.95000000000000e-01	-6.07626409516618e-06	-3.23243683004255e-06	-1.17347147659706e-05
7.00000000000000e-01	-3.83830869126683e-06	4.46611473246117e-06	-1.04187910159857e-06
7.05000000000000e-01	4.11045017445325e-06	5.18624094519112e-06	6.35074970642488e-06
7.10000000000000e-01	9.48836483758199e-06	-1.11504845384488e-06	-4.25219854978082e-06
7.15000000000000e-01	7.41008856119426e-06	-4.36968873418358e-06	-1.79467960842774e-05
7.20000000000000e-01	2.41312938322342e-06	-3.98545325568702e-07	-1.67918926137566e-05
7.25000000000000e-01	1.21759632119191e-06	3.27865129395487e-06	-7.68194517315118e-06
7.30000000000000e-01	3.60761710824073e-06	1.63819238683828e-06	-2.55488757963316e-06
7.35000000000000e-01	3.39600516842578e-06	-1.44152165824009e-06	-5.12578424222092e-06
7.40000000000000e-01	-1.14437639031407e-06	-3.27228105644203e-07	-1.16493966830434e-05
7.45000000000000e-01	-6.64275659720381e-06	3.62722007006048e-06	-1.26546578833398e-05
7.50000000000000e-01	-8.61017742537879e-06	5.78488646960841e-06	-4.06255641228095e-06
7.55000000000000e-01	-6.44748540597701e-06	3.93718474203810e-06	3.49377560598825e-06
7.60000000000000e-01	-3.31801591971319e-06	-4.24421558302720e-07	1.99260524137893e-06
7.65000000000000e-01	-2.30402325179820e-06	-2.42090000112938e-06	-3.57827654075852e-06
7.70000000000000e-01	-2.34300725317427e-06	-4.17495993618405e-07	-2.42850330786609e-06
7.75000000000000e-01	-1.23385083014844e-06	1.38282181479221e-06	1.79251053375135e-06
7.80000000000000e-01	1.02771234858891e-06	-3.12534397507974e-07	1.86004880065717e-07
7.85000000000000e-01	2.56154677929097e-06	-2.61314085998025e-06	-5.43822328080353e-06
7.90000000000000e-01	1.70811999430253e-06	-2.39859461419561e-06	-7.83316478966145e-06
7.95000000000000e-01	1.07920507886798e-06	-4.71831894094176e-07	-8.10933149305037e-06
8.00000000000000e-01	1.67065558054377e-06	6.35879690702737e-08	-8.57402596605851e-06
8.05000000000000e-01	1.71079966222478e-06	-7.62944988233980e-07	-5.96721531466190e-06
8.10000000000000e-01	2.95438702754309e-07	-1.18520288270386e-08	-9.36961715672098e-07
8.15000000000000e-01	-1.73224424720305e-06	2.28914243175611e-06	1.19179990632937e-06
8.20000000000000e-01	-2.93503094963365e-06	3.13132124535407e-06	-1.41418307028181e-06
8.25000000000000e-01	-1.83739795447260e-06	1.78922033169001e-06	-5.78393133287793e-06
8.30000000000000e-01	-2.34824223403668e-07	4.00015326168602e-07	-4.70682445457282e-06
8.35000000000000e-01	9.21808654270638e-08	1.96670712473500e-07	5.92803390180649e-07
8.40000000000000e-01	7.72366442187809e-07	4.81182135387415e-07	8.29976987942812e-07
8.45000000000000e-01	2.56338635127885e-06	-1.42064589358349e-06	-4.51902020071256e-06
8.50000000000000e-01	2.89400244153967e-06	-3.71991307769400e-06	-6.22749562626451e-06
8.55000000000000e-01	1.57683831209518e-06	-2.18458539171672e-06	-2.55890480658576e-06
8.60000000000000e-01	2.43415025932929e-07	8.89252163442896e-07	-2.26865601023762e-06
8.65000000000000e-01	-4.17729909239065e-07	8.92767250398060e-07	-7.11562953121610e-06
8.70000000000000e-01	-1.65277024743876e-06	1.16881614416798e-07	-9.45958404281118e-06
8.75000000000000e-01	-2.73729213283109e-06	1.43638262274797e-06	-5.97532145605424e-06
8.80000000000000e-01	-2.63856052141984e-06	3.04880996696682e-06	-1.18926448546476e-06
8.85000000000000e-01	-1.86667400473549e-06	2.35889645010972e-06	4.21180303899364e-07
8.90000000000000e-01	-1.44884689820467e-06	1.01664539111035e-06	-1.28518885189672e-06
8.95000000000000e-01	-1.37388341805482e-06	1.93874749697153e-07	-2.33775916240302e-06
9.00000000000000e-01	-1.99081600851924e-06	5.43475417211037e-07	-5.01267473728057e-07
9.05000000000000e-01	-2.18165642081730e-06	1.28267312473607e-06	3.70212075630915e-06
9.10000000000000e-01	-1.83010439921359e-06	1.24440371243602e-06	6.24137735730228e-06
9.15000000000000e-01	-1.49754578243031e-06	1.98129216726052e-07	2.48743853844041e-06
9.20000000000000e-01	-1.83105186025605e-06	-8.22328688747021e-07	-5.81574170508317e-06
9.25000000000000e-01	-1.94091655920541e-06	-7.53165465772901e-07	-8.22911691376127e-06
9.30000000000000e-01	-1.24131031454149e-06	2.55828758300436e-07	-5.15877964826856e-06
9.35000000000000e-01	-4.82323206326173e-07	3.26241435295563e-07	-2.19512092798307e-06
9.40000000000000e-01	-5.97138075856423e-07	-6.56431714861505e-07	-2.17962777050310e-06
9.45000000000000e-01	-1.59507902231680e-06	-8.06356885397069e-07	-2.73969097246520e-06
9.50000000000000e-01	-2.49648904615054e-06	4.63192792578164e-07	-2.79742303359165e-06
9.55000000000000e-01	-2.02408584217610e-06	7.07268555852206e-07	-2.04516910298260e-06
9.60000000000000e-01	-1.08316449636519e-06	-3.93805708882748e-08	-3.94756069153499e-07
9.65000000000000e-01	-9.35250199193212e-07	-1.01947585869752e-08	2.59952922907036e-07
9.70000000000000e-01	-1.79952184257554e-06	5.53092961020818e-07	-3.74930318983234e-07
9.75000000000000e-01	-2.85280703181669e-06	6.99680595339438e-07	-1.68399308188603e-06
9.80000000000000e-01	-2.81930889887276e-06	6.30213850555502e-07	-1.96343723261556e-06
9.85000000000000e-01	-1.86999610567276e-06	3.19968109175210e-07	-2.17208568255537e-06
9.90000000000000e-01	-5.08922362156323e-07	-3.29829835351520e-07	-2.55144453760005e-06
9.95000000000000e-01	4.75773825540371e-07	-5.85899603319132e-07	-2.47668550669869e-06
1.00000000000000e+00	4.69773185560944e-07	-1.06528858454632e-07	-1.51066449651696e-06
1.00500000000000e+00	3.39700911894768e-07	2.86173449622742e-07	-1.84782575324480e-06
1.01000000000000e+00	3.51988356746429e-07	-5.95392787010423e-07	-3.38343915289556e-06
1.01500000000000e+00	8.00637594950500e-08	-1.00409089138340e-06	-1.01287187010769e-06
1.02000000000000e+00	-6.68893474075253e-07	-2.35722020713909e-08	2.26235266975806e-06
1.02500000000000e+00	-7.97870200992503e-07	6.89899255908932e-07	2.33078249034327e-06
1.03000000000000e+00	-1.85864534611063e-07	-4.47070401018502e-08	-2.11099963905750e-07
1.03500000000000e+00	3.92177857061008e-07	-7.85460797006595e-07	-1.75463130493809e-06
1.04000000000000e+00	8.27133580241792e-07	-4.31991447666671e-07	-1.60311144702605e-06
1.04500000000000e+00	1.17140468495580e-06	-5.22769409045115e-07	-4.05572256373642e-07
1.05000000000000e+00	8.43672408892881e-07	-6.61027059015783e-07	3.18740543112472e-07
1.05500000000000e+00	-4.89220261569351e-08	-7.30029039457433e-07	1.67277784535361e-07
1.06000000000000e+00	-1.32059176240142e-06	-3.13066530069803e-07	-1.80031966836934e-07
1.06500000000000e+00	-2.04141126410364e-06	6.47560611073431e-08	-4.81045675071136e-07
1.07000000000000e+00	-2.08665986337943e-06	2.98393035807459e-07	4.89475138925768e-08
1.07500000000000e+00	-1.63411714030777e-06	3.14609672112053e-07	1.98064236302182e-08
1.08000000000000e+00	-1.53831443863721e-06	-1.52054492029811e-07	-7.34561570157927e-07
1.08500000000000e+00	-1.38026839874413e-06	-9.15452345191970e-07	-2.90006192816518e-06
1.09000000000000e+00	-8.83950260355103e-07	-1.66752725640683e-06	-4.53901316875010e-06
1.09500000000000e+00	-2.90806453624192e-07	-1.39288070036100e-06	-3.09325915150999e-06
1.10000000000000e+00	-4.27946377432281e-07	-4.06081085611409e-07	-1.00140492189686e-06
1.10500000000000e+00	-1.23687530251566e-06	-8.67155940311412e-08	-2.27746521640492e-07
1.11000000000000e+00	-1.90994570062487e-06	-1.75464179837137e-07	-1.54946541934755e-06
1.11500000000000e+00	-2.15412671968059e-06	-1.94573747995500e-07	-3.11129625480083e-06
1.12000000000000e+00	-1.57629821359585e-06	1.34927102979867e-07	-2.65789435165268e-06
1.12500000000000e+00	-4.67495835872878e-07	1.16435682456155e-07	-5.19213825531517e-07
1.13000000000000e+00	4.38586075537057e-07	-5.94517596208825e-08	9.38784458163262e-07
1.13500000000000e+00	1.01337705182991e-06	-4.91637424857648e-07	1.46014878434389e-06
1.14000000000000e+00	1.31522719706606e-06	-9.49438777064263e-07	4.79257336546720e-07
1.14500000000000e+00	1.18635256936511e-06	-1.18058480442180e-06	-1.27983348641969e-06
1.15000000000000e+00	4.98455299495743e-07	-1.10992617944184e-06	-1.76372899189369e-06
1.15500000000000e+00	-2.48023478405356e-07	-9.24292788223157e-07	-4.31536193056039e-07
1.16000000000000e+00	-9.31625215618811e-07	-7.65134631552465e-08	5.97785171425372e-07
1.16500000000000e+00	-1.65844023464229e-06	4.26418869773858e-07	1.70997756047933e-07
1.17000000000000e+00	-1.62651182188454e-06	3.36455513605176e-07	-1.24238657836034e-06
1.17500000000000e+00	-9.57432797660148e-07	-1.35030381837674e-07	-1.51776067317619e-06
1.18000000000000e+00	-1.19292993870079e-07	-2.22658262393141e-07	-5.71380002849878e-08
1.18500000000000e+00	3.11942607751799e-07	-9.94568881850416e-08	9.46526656188945e-07
1.19000000000000e+00	4.05431193748775e-07	-2.38803093702261e-07	8.65899516496554e-07
1.19500000000000e+00	1.00643037845167e-07	-5.00345066037369e-07	-1.14934683812852e-06
1.20000000000000e+00	-2.76649595718458e-07	-5.22610484301391e-07	-2.43975945504312e-06
1.20500000000000e+00	-3.67166820590282e-07	-1.01520110212082e-07	-1.43750190597714e-06
1.21000000000000e+00	-6.77353867191564e-08	1.83948180893255e-07	-1.30793514909379e-07
1.21500000000000e+00	-1.13548243989238e-07	3.12235058944178e-07	1.88322089587979e-07
1.22000000000000e+00	-6.18761356772998e-07	4.40452134171180e-07	-1.93706864080620e-07
1.22500000000000e+00	-9.14919770331918e-07	6.28377611288807e-07	-8.64927202988889e-07
1.23000000000000e+00	-1.17848063846036e-06	7.30696655110905e-07	-1.21440782596082e-06
1.23500000000000e+00	-1.10030449679165e-06	6.15099030298996e-07	-8.00483760467807e-07
1.24000000000000e+00	-7.02952593111512e-07	3.28774543645825e-07	-2.71524148518063e-07
1.24500000000000e+00	-3.81036390349871e-07	8.87280917340303e-08	1.85202158922360e-07
1.25000000000000e+00	-5.92194375243859e-07	9.21733903353796e-08	1.43304262297584e-06
1.25500000000000e+00	-1.01161840573119e-06	5.79060841938478e-07	1.97736609236977e-06
1.26000000000000e+00	-8.98793424089125e-07	7.19838808561233e-07	1.01805402697836e-06
1.26500000000000e+00	4.17464195510988e-08	9.03704280621901e-08	-3.22859281443416e-07
1.27000000000000e+00	6.07556047042502e-07	-3.15215336561461e-07	-7.09206454854708e-07
1.27500000000000e+00	4.30820661271626e-07	-2.54596361124845e-07	-5.21462617714992e-07
1.28000000000000e+00	-7.59317281355695e-08	-4.01054313640063e-08	-2.13986118238003e-07
1.28500000000000e+00	-7.73566281043732e-08	-2.01776223197385e-07	-1.10412245322206e-06
1.29000000000000e+00	-1.07117140198558e-08	-4.94178185377043e-07	-1.43440517644210e-06
1.29500000000000e+00	-8.24746572470756e-08	-2.81033213011107e-07	-1.01706514232000e-06
1.30000000000000e+00	-1.46771601480988e-07	8.58665606140629e-08	1.04034991035097e-07
1.30500000000000e+00	-1.00676937769981e-07	5.35555819794634e-07	5.52644793319981e-07
1.31000000000000e+00	1.72719381298960e-07	4.53247561645999e-07	3.70499838856711e-07
1.31500000000000e+00	-3.39826517727592e-08	-4.45816207619941e-08	2.52438187912485e-07
1.32000000000000e+00	-1.21234204272727e-07	-2.17411082051245e-07	9.38389654580751e-08
1.32500000000000e+00	-1.11042488557728e-07	-2.74310926488058e-07	-4.26353394125804e-09
1.33000000000000e+00	-1.31658767889386e-07	-1.87344141182927e-07	-3.84753947785703e-07
1.33500000000000e+00	-1.55340421099775e-07	-3.00596758737540e-07	7.69181875390903e-08
1.34000000000000e+00	-1.93164565977134e-07	-1.12095264398115e-07	5.26814365878620e-07
1.34500000000000e+00	-1.25627220622226e-07	-3.09452546356538e-08	-1.84332176953131e-07
1.35000000000000e+00	-2.29571948607048e-07	-1.25512928671369e-07	-9.92486109631666e-07
1.35500000000000e+00	-1.87769725742396e-07	-3.23813991635403e-08	-9.05447141634550e-07
1.36000000000000e+00	-1.16385046244703e-07	6.31196277184568e-09	-7.86309430645275e-07
1.36500000000000e+00	-1.31183989380865e-07	4.88286999021534e-08	-7.90140784179940e-07
1.37000000000000e+00	2.26284508871072e-08	-4.67330633727230e-08	-1.22111626517878e-06
1.37500000000000e+00	3.12301330614659e-09	-1.05959864231913e-07	-1.11575351262854e-06
1.38000000000000e+00	2.03170156342818e-07	-1.63174712010352e-07	-1.06408055677232e-06
1.38500000000000e+00	1.49046827631493e-07	-9.16589978673423e-08	-9.14358789189005e-07
1.39000000000000e+00	1.73122596580467e-07	-1.36192891157414e-07	-3.51990977024163e-07
1.39500000000000e+00	-1.75423771367665e-07	1.16553325546250e-07	2.18570772363740e-07
1.40000000000000e+00	-4.94372710916092e-07	1.74734536504284e-07	-8.32353871831969e-08
1.40500000000000e+00	-3.66604009464751e-07	-9.67661727431422e-09	-4.75154314782599e-07
1.41000000000000e+00	-2.62898526617335e-07	-1.42149143680835e-07	-9.35623010415729e-07
1.41500000000000e+00	-2.35939986338348e-07	2.71312656108688e-08	-7.02244743888481e-07
1.42000000000000e+00	-1.38491540935951e-07	9.75565642793131e-08	-4.03034531693341e-07
1.42500000000000e+00	-4.38948845869154e-08	-5.11731360378350e-08	4.57396417834266e-08
1.43000000000000e+00	6.77392776078847e-08	-1.87319974425803e-07	6.01513180536741e-08
1.43500000000000e+00	-1.20710230678563e-07	-1.83027453855645e-07	-1.94571347072875e-07
1.44000000000000e+00	-2.74515587536835e-07	-2.88537751693781e-07	-5.45892881283643e-07
1.44500000000000e+00	-1.73296447046662e-07	-3.63842265521421e-07	-4.55346376465724e-07
1.45000000000000e+00	1.33210787617650e-07	-2.25166663993469e-07	-3.17817044200758e-07
1.45500000000000e+00	1.32802372413585e-07	-2.62855079829195e-07	-4.45690078480558e-07
1.46000000000000e+00	-8.10480288366089e-09	-2.87656714192038e-07	-9.24187534996433e-07
1.46500000000000e+00	-2.23792940111074e-07	-3.11637650893905e-07	-1.55250534119464e-06
1.47000000000000e+00	-4.41977175950943e-07	-5.43941162513090e-08	-1.74023000371067e-06
1.47500000000000e+00	-7.70782723589458e-07	1.32163619851129e-07	-1.21046286304891e-06
1.48000000000000e+00	-7.42437445663538e-07	2.65347305977120e-07	-1.09924997308410e-06
1.48500000000000e+00	-5.78414071373606e-07	1.55800291799321e-07	-1.41381153971032e-06
1.49000000000000e+00	-2.97767427093418e-07	5.39798763678424e-08	-1.15027445493211e-06
1.49500000000000e+00	2.78882769952314e-08	1.08976612427348e-07	-4.54488271607513e-07
1.50000000000000e+00	1.16716899771570e-07	3.13196363439658e-07	7.48957936196092e-07
1.50500000000000e+00	2.45099871664538e-08	4.33246156075341e-07	1.40494895293698e-06
1.51000000000000e+00	-9.16757325980259e-09	2.53740032715769e-07	1.42863581334030e-06
1.51500000000000e+00	3.17115765061000e-08	-3.49005019088731e-08	5.44668506803050e-07
1.52000000000000e+00	2.57106927255005e-07	-2.60928100948384e-07	1.96551159344234e-07
1.52500000000000e+00	3.72862033560712e-07	-4.38566609795918e-07	2.17377147089860e-07
1.53000000000000e+00	2.38643380868675e-07	-4.25554440531380e-07	4.31603218648518e-07
1.53500000000000e+00	-1.31995671852101e-07	-1.28855872563157e-07	5.36937625131514e-07
1.54000000000000e+00	-3.65066264082625e-07	3.33038239280884e-09	8.45115519501655e-08
1.54500000000000e+00	-4.55544081549178e-07	4.20562245607534e-08	-3.83856123444343e-07
1.55000000000000e+00	-4.12564024656515e-07	3.70888911911166e-08	-1.54772602039342e-07
1.55500000000000e+00	-2.52978861938413e-07	1.56821609195009e-07	5.82992843157578e-07
1.56000000000000e+00	-1.25580271259267e-07	2.44441321943235e-07	8.43663058444411e-07
1.56500000000000e+00	-1.41002850316108e-07	-8.36045189295044e-08	2.74155594886985e-08
1.57000000000000e+00	-4.73678640421771e-08	-2.28333967042446e-07	-5.33747533056159e-07
1.57500000000000e+00	1.13718577515481e-08	-2.59119023451039e-07	-4.33946278747595e-07
1.58000000000000e+00	1.90197340217667e-07	-3.48030558961408e-07	-7.94731757962664e-08
1.58500000000000e+00	2.36148027985677e-07	-4.04526325423734e-07	1.58055704209865e-08
1.59000000000000e+00	1.11149251375578e-07	-2.66995301074728e-07	-4.22804372047803e-07
1.59500000000000e+00	-8.88613329309555e-08	-2.73616863839567e-07	-8.88807156129938e-07
1.60000000000000e+00	-1.42584174439170e-07	-3.05718505320840e-07	-8.08177934696004e-07
1.60500000000000e+00	-1.03025150456826e-07	-1.48286981116241e-07	-7.86121042451361e-07
1.61000000000000e+00	-4.34496019853776e-08	-4.42722998700200e-09	-9.90744145624736e-07
1.61500000000000e+00	-9.22823536405775e-08	5.57692530574360e-08	-6.15619365616391e-07
1.62000000000000e+00	-2.59484463987358e-07	-3.80324232982811e-08	-6.62867562459976e-07
1.62500000000000e+00	-3.47210495667341e-07	-1.20807894160181e-07	-8.49763454822375e-07
1.63000000000000e+00	-1.75687732048389e-07	-1.69737926698620e-07	-8.20531507237321e-07
1.63500000000000e+00	-1.63782621850342e-07	-2.43112446336511e-07	-9.64304236723782e-07
1.64000000000000e+00	-2.01634049073179e-07	-3.02472053791977e-07	-7.45818424536516e-07
1.64500000000000e+00	-2.52421584000556e-07	-1.71629742894857e-07	-5.79955769265252e-07
1.65000000000000e+00	-3.12858666809492e-07	4.13153395628223e-09	-6.12714928079946e-07
1.65500000000000e+00	-2.05309300281490e-07	3.22421805279879e-09	-9.51907246803166e-07
1.66000000000000e+00	-7.42522104157030e-08	-3.07452589388358e-08	-9.51726089586581e-07
1.66500000000000e+00	-4.56635675481266e-08	5.68399237387781e-09	-3.98048761929151e-07
1.67000000000000e+00	-2.67368037109452e-08	-2.95199553750106e-08	-1.28542048989487e-07
1.67500000000000e+00	-4.30232596644276e-08	-3.20323929817188e-08	-2.54384954485740e-07
1.68000000000000e+00	-3.35583384863323e-08	-3.44170391662443e-08	-4.73295311097434e-07
1.68500000000000e+00	-9.05856442025833e-08	2.40848255566761e-08	-7.00712478876858e-07
1.69000000000000e+00	-1.11099219807272e-07	-6.19583519990688e-10	-3.66089720656394e-07
1.69500000000000e+00	-6.46943887723267e-08	1.99995730681979e-08	2.60808627987035e-07
1.70000000000000e+00	1.14559685233832e-07	-1.47375742328752e-08	3.80226293486117e-07
1.70500000000000e+00	1.26201977554257e-08	8.28719338865821e-09	-1.82898547506360e-09
1.71000000000000e+00	-4.18372187390670e-08	-1.55302267622759e-07	-3.43268481671585e-07
1.71500000000000e+00	-1.21402348319515e-07	-1.87252507639674e-07	-1.58566699378880e-08
1.72000000000000e+00	-8.62876834704473e-08	-8.31349308026321e-08	2.28969824947367e-07
1.72500000000000e+00	-2.49655698830186e-07	1.36231267540049e-07	1.97049420804108e-07
1.73000000000000e+00	-2.29911393786331e-07	8.29709388768560e-08	-6.32332392416148e-08
1.73500000000000e+00	-2.34789991933848e-07	-7.02965776219694e-08	-3.10904258263022e-07
1.74000000000000e+00	-1.63144866937809e-07	-5.76104606177001e-08	-4.54643812442284e-07
1.74500000000000e+00	-8.19191664581792e-08	-7.16994701698005e-08	-3.41906752190466e-07
1.75000000000000e+00	2.17447481382517e-08	1.36345240620019e-08	-1.15011525789446e-07
1.75500000000000e+00	-3.71579828789925e-08	-1.16700448924794e-07	-2.31013923368741e-07
1.76000000000000e+00	-1.83632187293940e-07	-8.96498043538557e-08	-3.22884904379866e-07
1.76500000000000e+00	-8.55780706094255e-08	1.17020505333016e-08	-3.82528122307538e-07
1.77000000000000e+00	-4.12812410761152e-08	1.05859318802090e-07	-5.06671735342908e-07
1.77500000000000e+00	3.89800224348982e-08	-1.98093748247970e-09	-3.99512627208905e-07
1.78000000000000e+00	2.18085741133955e-09	4.89832232450849e-08	-2.48851041669892e-07
1.78500000000000e+00	-6.09506353861978e-08	1.69017197310452e-07	-1.70016507002076e-07
1.79000000000000e+00	-7.44841567002782e-08	2.61341947333470e-07	-2.02888407874718e-07
1.79500000000000e+00	-4.79982366312467e-09	1.54724487506263e-07	-2.20894833849606e-07
1.80000000000000e+00	3.64195288284212e-08	1.70190536990569e-07	-7.83978638638702e-08
1.80500000000000e+00	-4.22503676515143e-09	2.00327266497579e-07	3.28994666036009e-07
1.81000000000000e+00	-5.38368559762480e-08	2.34558046881565e-07	3.47493551528064e-07
1.81500000000000e+00	-9.60669496973064e-08	7.33790689210175e-08	1.19959985656371e-07
1.82000000000000e+00	-4.33802128252268e-08	6.08790117274097e-08	-1.13684483936929e-07
1.82500000000000e+00	-4.72364271216290e-08	3.77477996588270e-08	-6.27842868142476e-08
1.83000000000000e+00	-2.99754798382363e-08	4.62413757664314e-08	-2.00536003006894e-07
1.83500000000000e+00	1.22226508856241e-08	-4.34195284803777e-09	-6.94657265841277e-08
1.84000000000000e+00	-1.32197863686736e-07	1.12866250695829e-07	1.19696775391730e-07
1.84500000000000e+00	-2.97443288421815e-07	2.75804806357823e-07	1.87687700027851e-07
1.85000000000000e+00	-3.72257965973979e-07	4.81111316654714e-07	2.02132226056589e-07
1.85500000000000e+00	-3.06514263381467e-07	4.89730273398660e-07	1.98278852987564e-07
1.86000000000000e+00	-2.72152771016151e-07	2.60756357240778e-07	1.24639466498009e-07
1.86500000000000e+00	-1.83783203592368e-07	9.82496797078706e-08	2.39940443625139e-07
1.87000000000000e+00	-2.90800373454072e-07	8.84790973689925e-08	6.96729446464743e-07
1.87500000000000e+00	-2.98341336606856e-07	1.33523978620108e-07	6.86577896531673e-07
1.88000000000000e+00	-1.02761080312903e-07	6.99535860488380e-08	6.41534459421440e-08
1.88500000000000e+00	-3.61162709030357e-08	-1.17540653929265e-07	-1.25707534504837e-07
1.89000000000000e+00	-8.67996195542482e-08	-8.92872526889396e-08	3.00607260299751e-09
1.89500000000000e+00	-2.42873257480239e-07	6.67359170792959e-09	6.99631253024355e-08
1.90000000000000e+00	-3.33517334863656e-07	1.28973368157497e-07	1.30209233077016e-07
1.90500000000000e+00	-3.92966247797697e-07	1.78062309826203e-07	1.53556922076577e-07
1.91000000000000e+00	-4.94365302779358e-07	8.17487881742883e-08	1.40966819634622e-07
1.91500000000000e+00	-3.99828955756501e-07	1.63652090419562e-07	1.06727369897542e-07
1.92000000000000e+00	-1.97800535050662e-07	2.21239974612864e-07	2.67686238587414e-07
1.92500000000000e+00	-6.87806328374310e-08	2.93267225836719e-07	1.36412588572216e-07
1.93000000000000e+00	-2.30636173396958e-08	1.83055911708181e-07	-1.80189936060967e-07
1.93500000000000e+00	-1.87649872787734e-07	9.40070663331099e-09	-1.94791481939781e-07
1.94000000000000e+00	-2.26758331803993e-07	2.87106750629538e-09	-3.02166835926697e-08
1.94500000000000e+00	-1.62596661109947e-07	8.40549110144645e-08	3.52926422528315e-08
1.95000000000000e+00	-1.05787684104158e-07	1.26334140817288e-07	1.27510815695689e-08
1.95500000000000e+00	-5.48783833522009e-08	6.35636344942795e-08	4.34167550280167e-08
1.96000000000000e+00	-6.40941876325544e-08	1.39666766699177e-07	2.98292660160404e-07
1.96500000000000e+00	-3.15077430355007e-08	2.44332587351970e-07	4.54545188557184e-07
1.97000000000000e+00	-5.32979317008273e-08	1.17733792400024e-07	4.77812189359516e-07
1.97500000000000e+00	-8.48855520231033e-08	-2.66861058662541e-08	5.43033484964306e-07
1.98000000000000e+00	-6.31816290788319e-08	-3.94630546941724e-08	3.51942352052667e-07
1.98500000000000e+00	-6.62754388327699e-08	-1.10487792097639e-07	8.24368082530763e-08
1.99000000000000e+00	-8.04438999151722e-08	-8.28310640047865e-08	7.08074960961951e-08
1.99500000000000e+00	-5.63937175795876e-08	3.77995610170610e-08	8.31079802140062e-08
2.00000000000000e+00	-2.43577997029287e-08	5.97956370415007e-08	-1.85842288397378e-08
2.00500000000000e+00	-2.51340252175162e-08	-3.67511697479483e-08	6.25392831266830e-09
2.01000000000000e+00	-4.13120984623592e-10	-6.45739773287599e-08	1.61814813463763e-08
2.01500000000000e+00	-1.64099289576304e-08	-5.50744760925485e-08	-2.76849761376165e-08
2.02000000000000e+00	-6.49405297363057e-08	-7.12776468213321e-08	-8.37574364701185e-08
2.02500000000000e+00	-7.95938522944652e-08	-4.99914797855766e-08	-1.03902154082652e-07
2.03000000000000e+00	-5.36237730091675e-08	-4.46361227518790e-08	-8.36569648851683e-08
2.03500000000000e+00	-1.32864760461078e-07	1.99649476394617e-08	-1.93693966043689e-07
2.04000000000000e+00	-1.15542766126098e-07	3.10142281812804e-08	-1.62948359328863e-07
2.04500000000000e+00	-1.10879498509680e-08	-2.33141257647130e-10	-2.10842835686865e-07
2.05000000000000e+00	1.98083947163337e-08	6.80938758334664e-09	-3.13975644481478e-07
2.05500000000000e+00	4.54024155326369e-08	1.29775714977112e-08	-3.61161460939089e-07
2.06000000000000e+00	4.73222304747392e-08	-4.91211498222431e-10	-3.97781122827182e-07
2.06500000000000e+00	-4.34218249886387e-08	-1.50331436337934e-08	-1.67986896076160e-07
2.07000000000000e+00	-7.79238061671244e-08	4.02957742383765e-09	1.32327465206154e-08
2.07500000000000e+00	-9.50703664919628e-08	6.16912818714761e-08	9.68799481773984e-08
2.08000000000000e+00	-7.61166639749527e-08	5.04496785329706e-08	1.52985398882367e-07
2.08500000000000e+00	-1.65440002332683e-07	2.28178884440061e-08	2.10210483484541e-07
2.09000000000000e+00	-2.31809878868783e-07	2.97055162140743e-08	1.78331386068188e-07
2.09500000000000e+00	-1.13406132449594e-07	6.08991026563719e-08	1.72943680649691e-07
2.10000000000000e+00	-1.03143642354001e-07	4.86428312966473e-08	1.39570124219229e-07
2.10500000000000e+00	-1.71203600488188e-07	-1.45529408255257e-08	3.58545405561660e-07
2.11000000000000e+00	-1.85920206921094e-07	-4.31351457373942e-09	5.75781230402281e-07
2.11500000000000e+00	-1.40188665036628e-07	3.45423355380231e-08	7.34487318661316e-07
2.12000000000000e+00	-1.18203093755390e-07	3.16843349125306e-08	7.22749332881592e-07
2.12500000000000e+00	-9.73035210046894e-08	4.99521580272559e-08	5.54032652187809e-07
2.13000000000000e+00	-6.84086426467372e-08	9.97604199146379e-08	3.61589019633288e-07
2.13500000000000e+00	-9.94497083016202e-09	9.65834583781372e-08	6.09604084337650e-08
2.14000000000000e+00	1.44336410317175e-08	-7.09719739004186e-08	-2.62305162258355e-07
2.14500000000000e+00	9.15006365443197e-09	-1.24255899160346e-07	-2.91817228330677e-07
2.15000000000000e+00	-2.11663044732294e-08	-8.22741240049431e-08	-1.60668768268334e-07
2.15500000000000e+00	-7.14270224360661e-08	-6.60993170294912e-08	9.88277132740851e-09
2.16000000000000e+00	-1.53038824977225e-07	-6.92609852896523e-08	1.41167493902404e-07
2.16500000000000e+00	-1.98926169613905e-07	-7.36249724021799e-08	1.23213283350235e-07
2.17000000000000e+00	-1.94272283233350e-07	-5.95553635852080e-08	1.07707564639887e-07
2.17500000000000e+00	-1.54949635647751e-07	-1.96013443356526e-08	1.37307382560851e-07
2.18000000000000e+00	-1.15868827199725e-07	-1.10486098072869e-08	1.05724113151021e-07
2.18500000000000e+00	-2.37090507584812e-08	-2.35077659543076e-08	-2.58678759481137e-08
2.19000000000000e+00	2.29288106078120e-08	-8.89666626222704e-08	-5.39070293302790e-08
2.19500000000000e+00	-7.56827239854045e-08	-7.42828730384827e-08	-4.38370628541305e-08
2.20000000000000e+00	-7.75688762440080e-08	-3.55560854860517e-08	-2.69748432794443e-08
2.20500000000000e+00	-6.35463601147521e-08	-4.68352263838771e-08	-2.59157695856753e-07
2.21000000000000e+00	-6.23354583434339e-08	-8.26401125073084e-08	-1.77203225121044e-07
2.21500000000000e+00	-8.00693241539109e-08	-2.12971321957717e-08	6.03570431920680e-08
2.22000000000000e+00	-1.00696984984441e-07	3.10961660622618e-08	1.82097333221634e-07
2.22500000000000e+00	-7.95417984249128e-08	5.27386515588755e-08	1.05876371411809e-08
2.23000000000000e+00	1.07306253715592e-08	-6.14982795575090e-09	-1.08471358924270e-07
2.23500000000000e+00	1.16817201942460e-08	-1.34094432677654e-07	-3.71517893102728e-07
2.24000000000000e+00	4.54786937465844e-08	-1.79324616377653e-07	-1.55425287431485e-07
2.24500000000000e+00	4.94792853923785e-08	-2.08560903075128e-08	3.32663128442364e-08
2.25000000000000e+00	-8.02202811048625e-08	2.48750754263448e-08	3.80850722361998e-07
2.25500000000000e+00	-4.17365485672675e-08	2.78368770323106e-08	3.20029561828219e-07
2.26000000000000e+00	-1.87944014492401e-08	5.17805216772776e-08	-1.16864589303039e-07
2.26500000000000e+00	1.00001177685870e-07	2.08439594276356e-08	-1.25618974904084e-08
2.27000000000000e+00	1.26108351907473e-07	8.83025770871268e-09	6.36505411259641e-08
2.27500000000000e+00	-1.25145518841782e-09	-1.26739560348514e-08	1.62126512516020e-07
2.28000000000000e+00	-5.91507021527058e-08	-1.13718103431663e-08	1.34726406869865e-07
2.28500000000000e+00	-3.72775649431210e-08	-1.42480515204149e-08	1.27197572575186e-07
2.29000000000000e+00	-3.80133325372842e-08	6.26373956320386e-12	6.12486792845464e-08
2.29500000000000e+00	2.79632676523267e-08	8.52047797288214e-09	7.12139281330494e-08
2.30000000000000e+00	8.42995551882306e-08	-1.25476254121003e-08	5.38721524960830e-08
2.30500000000000e+00	5.26621138245681e-08	-1.08128490509401e-08	1.09235397435446e-07
2.31000000000000e+00	-1.36088446027939e-07	2.12111679906027e-08	1.23910447925038e-07
2.31500000000000e+00	-1.30621031392636e-07	2.28063201173555e-08	1.64121144245265e-07
2.32000000000000e+00	-2.29707175462589e-07	2.04209014544227e-08	1.40077577259773e-07
2.32500000000000e+00	-1.17612684258535e-07	5.97203756525124e-11	1.39437399330510e-07
2.33000000000000e+00	8.79666480151888e-08	3.49391584499144e-08	1.15568300560430e-07
2.33500000000000e+00	5.96428309226992e-08	1.38972414873457e-08	1.39159433407203e-07
2.34000000000000e+00	3.60753549566017e-08	1.86133308864825e-08	2.43090422787589e-07
2.34500000000000e+00	2.81006640634048e-08	1.42431218817628e-08	1.65521502562370e-07
2.35000000000000e+00	1.90003177303724e-08	5.00258404548662e-09	7.47503843078614e-08
2.35500000000000e+00	7.44963211665440e-08	-2.12607006893803e-08	8.24176073609523e-08
2.36000000000000e+00	8.14126971951495e-08	-4.06839240886612e-08	9.11005128333687e-08
2.36500000000000e+00	2.34341219917075e-08	2.91211182204055e-09	2.56194371772645e-07
2.37000000000000e+00	-1.18364142311386e-08	2.64348845278926e-10	2.04969355497389e-07
2.37500000000000e+00	4.62185176664068e-10	1.95096382361975e-08	4.41041795534640e-07
2.38000000000000e+00	-1.35396167966611e-08	6.33509371638134e-08	3.67723556628410e-07
2.38500000000000e+00	2.42033892223272e-08	4.10733842557240e-08	1.18502448615296e-07
2.39000000000000e+00	5.13141350069980e-08	8.03467105522752e-08	1.23994538541313e-08
2.39500000000000e+00	5.41061427228254e-08	5.90506304240004e-08	8.50138262949000e-08
2.40000000000000e+00	6.81390666912254e-08	-1.48800149381483e-08	9.18699867867093e-08
2.40500000000000e+00	2.94714066100336e-08	-2.34805221629456e-08	2.26771321886400e-07
2.41000000000000e+00	3.92688672277970e-08	6.43882632129086e-09	3.57881695401534e-07
2.41500000000000e+00	4.48634846219226e-08	7.57011778749172e-09	2.54972625484268e-07
2.42000000000000e+00	1.33606457295009e-08	1.84366947079586e-08	-1.14183134725368e-07
2.42500000000000e+00	-1.97458444107439e-08	1.85708052835187e-08	2.73268167190482e-08
2.43000000000000e+00	-1.61574594491264e-08	1.45116026038078e-08	7.36832198734185e-08
2.43500000000000e+00	1.88145713129283e-08	8.98781998370853e-10	1.13925088335492e-07
2.44000000000000e+00	4.40937509628078e-08	-5.92722345126740e-09	-1.16413563329820e-08
2.44500000000000e+00	4.28148365114265e-08	-8.04540720251428e-09	-7.21957507655563e-08
2.45000000000000e+00	-3.19861695380790e-10	-5.22860351678224e-09	1.86765560810316e-08
2.45500000000000e+00	-6.71980383251382e-08	1.93466140119831e-08	2.49056700928307e-07
2.46000000000000e+00	-1.04813730509649e-07	2.68560362101545e-08	3.32112554557251e-07
2.46500000000000e+00	-5.72378310051222e-08	4.07697304094055e-08	1.96707922192991e-07
2.47000000000000e+00	1.53195873811934e-08	2.21012601521574e-08	2.30749323786064e-07
2.47500000000000e+00	6.48098349979287e-08	-1.42648157352034e-08	2.70879031540287e-07
2.48000000000000e+00	4.52554845604973e-08	2.78079806644398e-08	4.32772140823247e-07
2.48500000000000e+00	4.27367944582433e-08	9.69806794516196e-08	6.11623860670188e-07
2.49000000000000e+00	8.89896326305553e-08	2.71658934005340e-08	2.43778946089649e-07
2.49500000000000e+00	1.01694478022176e-07	-4.41008386833174e-08	7.05399131906777e-09
2.50000000000000e+00	8.53718300615283e-08	-1.79967676218853e-08	5.71327253193256e-08
2.50500000000000e+00	8.62789157415885e-08	-2.30101544215302e-08	1.69871443925371e-07
2.51000000000000e+00	1.09175825744031e-07	-1.94870278924810e-08	3.28057572780969e-07
2.51500000000000e+00	1.38379929333792e-07	-2.46582404214795e-08	5.75813005689942e-07
2.52000000000000e+00	1.00568708214277e-07	-1.11411017565459e-08	3.25710799673286e-07
2.52500000000000e+00	9.24258936226227e-08	-8.88139208065773e-09	-3.13050821799916e-08
2.53000000000000e+00	1.00842313315651e-07	1.14755787300794e-08	7.54766302110437e-09
2.53500000000000e+00	1.10041973032549e-07	4.14832941943294e-08	5.41056926657742e-08
2.54000000000000e+00	1.04067642414146e-07	7.90480782547574e-08	4.19836329275110e-08
2.54500000000000e+00	8.00420013125550e-08	-3.11694447665693e-08	4.15547114039309e-08
2.55000000000000e+00	7.99743227088015e-08	-2.30318204483622e-08	7.30375239236334e-09
2.55500000000000e+00	9.60461567614045e-08	-1.04691155294109e-08	4.19728408218006e-08
2.56000000000000e+00	1.07757281063940e-07	-6.25599675027445e-09	1.82280706945751e-08
2.56500000000000e+00	1.09423723643408e-07	-6.96399117756767e-10	-2.57831937577359e-08
2.57000000000000e+00	1.08676999237421e-07	7.10763189392056e-09	-1.37981055763425e-08
2.57500000000000e+00	1.09700632812749e-07	4.21169811195702e-09	1.34244254059319e-10
2.58000000000000e+00	1.18937831727591e-07	-6.35316438411553e-09	-4.07150398878865e-08
2.58500000000000e+00	1.31601101955203e-07	-2.46434970168325e-08	-1.05252598093679e-07
2.59000000000000e+00	1.33879110872992e-07	-1.82878028701885e-08	-1.76841797825587e-07
2.59500000000000e+00	1.17908253512970e-07	-1.45015111917666e-08	-1.64633544096597e-07
2.60000000000000e+00	9.82517315070721e-08	-4.66312209166523e-09	-1.20244529855575e-07
2.60500000000000e+00	9.98128976085469e-08	-2.29320583030040e-08	-6.98967338864483e-08
2.61000000000000e+00	1.49395903360803e-07	-2.11305405817396e-08	1.89222579181574e-08
2.61500000000000e+00	2.08534612946007e-07	-1.74142932446012e-08	-4.58615515938535e-08
2.62000000000000e+00	1.56712193547247e-07	-2.51399287662656e-08	-1.81959078907652e-07
2.62500000000000e+00	1.21219508986971e-07	-3.48719908097762e-08	-7.79544774947721e-08
2.63000000000000e+00	1.78564057032528e-07	2.30053666623402e-08	-1.05119019706726e-08
2.63500000000000e+00	2.14687522791868e-07	1.67024398276873e-08	4.52075440276001e-08
2.64000000000000e+00	1.39939408517062e-07	-7.01752409651765e-09	3.58900733691871e-08
2.64500000000000e+00	8.05472626359158e-08	-1.88147822926918e-08	2.65250265236974e-08
2.65000000000000e+00	1.25348416921728e-07	3.70747821106862e-08	4.01548376995399e-08
2.65500000000000e+00	1.13527544648899e-07	3.19030929737699e-08	8.61625521358574e-08
2.66000000000000e+00	8.85727153985698e-08	3.40882779276827e-08	8.41490636237255e-08
2.66500000000000e+00	7.60229491220863e-08	1.82241027803156e-08	8.22295550523212e-08
2.67000000000000e+00	7.52741033894102e-08	1.73505881915804e-08	7.93256619065589e-08
2.67500000000000e+00	1.97668565671088e-08	-1.04908997274831e-08	1.03509982371105e-07
2.68000000000000e+00	1.26761290332976e-08	2.60657668884919e-09	1.02130349872961e-07
2.68500000000000e+00	4.20917114343756e-08	-2.41175635301650e-09	1.11184921499023e-07
2.69000000000000e+00	9.63672320132114e-08	-1.69360595213279e-08	1.05711549370291e-07
2.69500000000000e+00	9.00962396389804e-08	-9.43949381579684e-09	1.19671159940542e-07
2.70000000000000e+00	9.09866293656560e-08	-4.72337238129484e-08	1.17649024063045e-07
2.70500000000000e+00	1.11083017194799e-07	-8.68101232126452e-08	1.31710603352374e-07
2.71000000000000e+00	1.27171967327216e-07	-4.05023896839485e-08	1.33276680762674e-07
2.71500000000000e+00	1.42504481504012e-07	-6.39803675958286e-08	1.32176432576433e-07
2.72000000000000e+00	1.64342648250660e-07	-5.63351083452628e-08	1.29767898379036e-07
2.72500000000000e+00	1.46715566800737e-07	-2.10711906363116e-08	1.43560546207134e-07
2.73000000000000e+00	1.51802613198919e-07	-2.93255072959673e-09	1.39342264068084e-07
2.73500000000000e+00	1.55028833074808e-07	-9.66933201156469e-10	1.52497189491562e-07
2.74000000000000e+00	1.57386410311633e-07	1.67478347943274e-09	1.47539273272237e-07
2.74500000000000e+00	1.66728560790256e-07	3.20688154997484e-09	1.58959245324112e-07
2.75000000000000e+00	1.71787598342776e-07	5.57250017310014e-09	1.53934501664218e-07
2.75500000000000e+00	1.78179347791837e-07	4.57730212495497e-09	1.65480314960434e-07
2.76000000000000e+00	1.78829108168358e-07	6.61949015368172e-09	1.61519446693705e-07
2.76500000000000e+00	1.82490679180449e-07	7.04535394504910e-09	1.72766047236850e-07
2.77000000000000e+00	1.86057327017572e-07	1.05928621822412e-08	1.68696503821453e-07
2.77500000000000e+00	1.97437507906048e-07	1.14516432833140e-08	1.78829770289768e-07
2.78000000000000e+00	2.17467209611715e-07	1.28936190098205e-08	1.75426136989565e-07
2.78500000000000e+00	2.47594846262052e-07	1.07749065289417e-08	1.75835635983302e-07
2.79000000000000e+00	1.86200606812498e-07	8.13325604711463e-09	1.47377010936681e-07
2.79500000000000e+00	1.62568905302211e-07	8.99619089817278e-10	6.71915922515098e-08
2.80000000000000e+00	1.85123649994353e-07	-2.27667165832062e-08	2.23832277930398e-07
2.80500000000000e+00	1.90860153566773e-07	3.81639237805147e-08	1.94139756907357e-07
2.81000000000000e+00	1.92796289162510e-07	2.62019786849729e-08	1.87610907636681e-07
2.81500000000000e+00	1.97098937029679e-07	1.99352825879651e-08	2.05426572653712e-07
2.82000000000000e+00	2.03462090978167e-07	1.92133020806640e-08	1.76854635494457e-07
2.82500000000000e+00	2.11654185734917e-07	9.19370503935606e-09	1.64745989229327e-07
2.83000000000000e+00	2.16250958704027e-07	3.75861232437180e-09	1.48917120964598e-07
2.83500000000000e+00	2.20173128409733e-07	9.83573517044089e-09	1.81010405752282e-07
2.84000000000000e+00	2.22784785080570e-07	1.56136744988921e-08	1.94541157053403e-07
2.84500000000000e+00	2.27824331051643e-07	1.44324231767882e-08	2.05359034894853e-07
2.85000000000000e+00	2.33757346848363e-07	1.94624618633810e-08	1.71448945585351e-07
2.85500000000000e+00	2.40727171519587e-07	1.89966179320070e-08	1.97244190021941e-07
2.86000000000000e+00	2.44215444118659e-07	2.51203934683024e-08	3.62228402987592e-07
2.86500000000000e+00	2.48237754338996e-07	2.17625288225245e-08	3.04895734021628e-07
2.87000000000000e+00	2.52975199832576e-07	1.41450725161630e-08	7.93027007172213e-08
2.87500000000000e+00	2.60613708835169e-07	-7.65195413394065e-09	1.18749939308202e-07
2.88000000000000e+00	2.68184168131120e-07	-1.99862334582584e-08	1.11539206360270e-07
2.88500000000000e+00	2.76594949972030e-07	-2.38997230184273e-08	1.00036720982441e-07
2.89000000000000e+00	2.82404260096961e-07	-1.08086060018266e-08	5.15835634392930e-08
2.89500000000000e+00	2.88461299738233e-07	-2.13316210084995e-09	5.64603779056549e-08
2.90000000000000e+00	2.88965346475894e-07	7.53576428554217e-09	8.96524157562767e-08
2.90500000000000e+00	3.45035309171784e-07	7.69241146756161e-09	1.50344019610082e-07
2.91000000000000e+00	3.57768663722684e-07	1.16452777842749e-08	1.71156320434032e-07
2.91500000000000e+00	3.92973834928554e-07	8.80913309350172e-09	1.95747255875788e-07
2.92000000000000e+00	4.58128206279992e-07	1.01273320717387e-08	1.95201102233525e-07
2.92500000000000e+00	6.14610396251294e-07	3.54512974348540e-09	2.03571168740186e-07
2.93000000000000e+00	1.47207672195723e-06	-7.73786992317484e-08	1.15650067129142e-07
